Accuracy: 0.924
F1-Score: 0.9236947791164659
Precision: 0.9274193548387096
Recall: 0.92
