Accuracy: 0.928
F1-Score: 0.9274193548387097
Precision: 0.9349593495934959
Recall: 0.92
