Accuracy: 0.94
F1-Score: 0.9392712550607287
Precision: 0.9508196721311475
Recall: 0.928
