Accuracy: 0.936
F1-Score: 0.9354838709677419
Precision: 0.943089430894309
Recall: 0.928
