Accuracy: 0.956
F1-Score: 0.9558232931726908
Precision: 0.9596774193548387
Recall: 0.952
