Accuracy: 0.956
F1-Score: 0.9554655870445343
Precision: 0.9672131147540983
Recall: 0.944
