Accuracy: 0.964
F1-Score: 0.9632653061224489
Precision: 0.9833333333333333
Recall: 0.944
