Accuracy: 0.932
F1-Score: 0.9311740890688259
Precision: 0.9426229508196722
Recall: 0.92
