Accuracy: 0.968
F1-Score: 0.967479674796748
Precision: 0.9834710743801653
Recall: 0.952
