Accuracy: 0.944
F1-Score: 0.9435483870967742
Precision: 0.9512195121951219
Recall: 0.936
