Accuracy: 0.948
F1-Score: 0.9477911646586344
Precision: 0.9516129032258065
Recall: 0.944
