Accuracy: 0.916
F1-Score: 0.9156626506024096
Precision: 0.9193548387096774
Recall: 0.912
